%%MatrixMarket matrix coordinate real general
%
98 98 1647
1 1 10.15760687275809
1 12 0.005067690163083131
1 16 0.07868524788418517
1 17 0.6547739790931518
1 20 0.001958019449705526
1 22 1.301714084391295
1 26 0.1207395354881496
1 27 0.1998019704132256
1 28 1.049465757907446
1 32 1.414090129169331
1 34 3.028599115288783
1 43 2.143982937561985
1 47 3.113440649521289
1 49 0.04313318373192909
1 50 2.322385555108242
1 51 0.06282091239311569
1 53 0.01140667094410541
1 56 0.634623167700472
1 58 0.003274487056950266
1 62 0.1412076928472161
1 63 0.06100920392259136
1 64 0.02125903305541153
1 69 6.541731840485832
1 70 0.1706148747503615
1 81 0.5022501194954599
1 83 0.4689890015639223
1 84 0.09151011932226241
1 85 0.4191550956574066
1 88 0.4462450281457661
1 90 4.529768321392234
1 91 1.870729463068882
1 92 0.1812072415182598
1 93 0.1217149027856281
1 98 4.628102703897486
2 21 0.0116362557371809
2 29 0.04464227375806565
2 52 0.003375728655034654
2 57 0.04626554386582313
2 61 0.02310988167958861
3 25 0.3527416913217482
3 48 0.1146688963135779
3 60 0.1805847460343395
3 80 0.7063632293831759
3 97 0.4765297628278435
4 24 9.16295713106758
4 62 1.987331961537717
5 5 110.1690797328072
5 21 48.4544764304845
5 23 42.79504380088702
5 36 20.81075576703624
5 39 190.5147521338222
5 40 1.43366646341422
5 46 20.39018634544183
5 52 0.004733894884616622
5 57 2.723231921350517
5 61 1.286707254253178
5 65 332.528879876103
5 72 4.164547663201702
5 79 12.41152923766613
5 82 20.54591598731144
5 89 92.11384158765827
6 30 0.001150682525330496
6 44 0.003574699419262222
6 53 0.001305704497753278
6 77 0.002002815850231491
7 20 0.001117452390956527
7 26 0.002114325179930029
7 33 0.003609818831074449
7 49 0.01712517447381379
7 51 0.003655727351429196
7 53 0.003179361497940583
7 58 0.01842453392074196
7 76 0.009834732622176887
7 83 0.003640559193714943
7 92 0.009263626706075424
7 95 0.001885259915708665
8 8 0.1628189009496571
8 23 0.07992922237220516
8 25 0.1472321261914327
8 28 0.1906102051833129
8 31 0.06487949457621554
8 36 0.07999437878433439
8 40 0.0786295280388381
8 47 0.03698930233447034
8 60 0.099785889002508
8 64 0.2167769119103042
8 65 0.07977917507540984
8 70 0.08642376179074486
8 72 0.07848851092114367
8 75 0.2513085495982577
8 82 0.2398644912091881
8 88 0.02861540498123287
8 90 0.03170228423035247
9 22 0.3197302322554229
9 24 2.144446423107939
9 27 1.388450787844804
9 56 0.6906633065610621
9 68 0.3861310803790196
9 69 0.1914624208745483
9 73 0.9957233778370552
9 91 1.357287298952787
9 93 0.3985565803864505
10 21 4.899790366341272
10 29 0.3636313954066453
10 39 0.6522783894511179
10 46 4.519145714611123
10 52 0.004714090118174762
10 57 2.121961991199946
10 59 0.1284899020687117
10 61 1.228589375041973
10 78 0.5213783958713708
10 86 0.1941834221255703
10 89 2.47704222480329
10 96 0.2695178180386409
11 11 1.078724840943029
11 17 0.2348481325827113
11 24 2.077024394205793
11 27 4.351583228464133
11 33 0.4963319074745904
11 34 0.1021050132774524
11 45 0.4005639958928382
11 49 0.01228533284559888
11 50 0.04976327515793976
11 51 3.056619608708888
11 56 0.2262781326598232
11 62 5.308795677911495
11 73 1.295097058615974
11 76 0.02771732162635852
11 83 0.6993103480412045
12 1 0.005067690163083131
12 12 0.05973821366574215
12 20 0.01115609573678148
12 25 0.005392668676851433
12 26 0.03106520759920132
12 28 0.1169187947422163
12 30 0.005396929894910601
12 31 0.08993347979095313
12 43 0.1225127191906495
12 44 0.00490778029677563
12 47 0.0251397685488305
12 50 0.004941259142275815
12 53 0.03634004390919508
12 54 0.03836529047868804
12 58 0.002558437846182174
12 60 0.01485755655953229
12 64 0.06881255544067029
12 70 0.1989402303769715
12 75 0.005325674388410737
12 77 0.03497283068822747
12 84 0.08675818462652225
12 87 0.003888495162596019
12 88 0.02901362634580661
12 90 0.02458249977484122
12 97 0.005255977890396563
13 52 0.004608176446586247
13 57 0.2765536807314019
13 96 0.05071796162697811
14 14 11.38250034814928
14 23 4.960476172605058
14 25 1.354905815405769
14 36 7.633638607761248
14 40 16.39369698438428
14 41 0.8088670788390494
14 65 7.030411916255862
14 71 4.101072185325324
14 72 1.580173212193534
14 75 0.5250953351601704
14 80 2.042130772898355
14 82 27.55570323115506
15 25 0.04799541849839534
15 31 0.05805166452249077
15 48 0.1674604850839893
15 54 0.06551164676793018
15 60 0.1875884738706696
15 64 0.05619902634480092
15 70 0.02608355393804161
15 71 0.09954835890153514
15 75 0.2158143360147391
15 87 0.02160585588080924
15 97 0.07794837328331582
16 1 0.07868524788418517
16 28 0.2147329140741165
16 32 0.0793689222522985
16 40 0.2369682935302839
16 41 0.07526583803380592
16 43 0.04125903729039807
16 47 0.3706872414148134
16 55 0.02900524215442834
16 64 0.02170496576070984
16 65 0.1602995307964014
16 69 0.09572486871216944
16 70 0.01441599694174861
16 72 0.1576943234760255
16 79 0.07983122855031974
16 88 0.143314636409385
16 90 0.2858453530055107
16 98 0.04187296478181017
17 1 0.6547739790931518
17 11 0.2348481325827113
17 17 5.403703374548351
17 20 0.001310934041133637
17 22 0.08977447353288007
17 26 0.06225768648662968
17 27 2.239277724335614
17 28 0.05502220276953854
17 33 0.7771710342571634
17 34 3.492696981246907
17 43 0.09321677978725611
17 49 0.1508014638770177
17 50 2.047928886213559
17 51 3.301989626992079
17 53 0.001528480734593349
17 56 0.4334924025287992
17 58 0.01985925328132245
17 62 1.310005145142104
17 69 0.5218638309603069
17 73 0.379908767532031
17 76 0.1222893487738894
17 83 5.604113419179241
17 84 0.005941281138087934
17 91 0.5975448012904787
17 92 0.2345351646623399
17 95 0.01502198194631251
17 98 0.2183619689533134
18 18 0.005803427170267813
18 21 0.01156077552961553
18 29 0.02830258148414809
18 37 0.00410261468625535
18 52 0.01043591882519088
18 57 0.03457843423721278
18 59 0.01117664563337234
18 61 0.01152048868153416
18 86 0.005671789666136334
18 96 0.01612870372081212
19 19 2.123482876701426
19 21 7.778481415133398
19 29 0.4149119881414078
19 36 1.453037280460252
19 39 19.92236888872425
19 46 2.7511056388857
19 57 2.982340100086504
19 61 0.5675206350012842
19 65 8.311013476376452
19 78 0.8076121443492712
19 79 1.295865834427523
19 82 1.440077448248632
19 89 7.486203901985176
20 1 0.001958019449705526
20 7 0.001117452390956527
20 12 0.01115609573678148
20 17 0.001310934041133637
20 20 0.009216782691110544
20 26 0.01278240512844931
20 30 0.003095586777043588
20 38 0.00762553254048109
20 43 0.001928991030874955
20 44 0.006519051100616546
20 49 0.004379073113812524
20 50 0.001301059542485929
20 53 0.02020706420762034
20 54 0.0006166947551532324
20 58 0.0222058614041032
20 64 0.0006439921122346298
20 67 0.001052524356673604
20 70 0.003806842012205645
20 74 0.0008091379158100051
20 76 0.0006438354574540324
20 77 0.006432209418460189
20 84 0.01011531374934922
20 87 0.0006281408207117016
20 92 0.003816798259002681
20 95 0.002248982717455183
21 2 0.0116362557371809
21 5 48.4544764304845
21 10 4.899790366341272
21 18 0.01156077552961553
21 19 7.778481415133398
21 21 871.5766342826504
21 23 3.283741633358905
21 29 34.7533242873104
21 36 4.427712029669962
21 37 0.06932908725269807
21 39 479.176164513378
21 42 12.67150332939406
21 46 225.9395779821005
21 52 0.113386614554056
21 57 328.2720412371222
21 59 3.279523472129828
21 61 107.2202790730267
21 65 97.10578947891088
21 78 6.192346191108228
21 79 5.066507836257523
21 86 3.201578079039929
21 89 349.4917137335452
21 96 4.242965689557631
22 1 1.301714084391295
22 9 0.3197302322554229
22 17 0.08977447353288007
22 22 4.4673501421706
22 27 0.9524245098059396
22 28 0.05854151757707527
22 32 0.0573063713627548
22 34 1.852339626158213
22 43 0.02455462704136796
22 47 0.1040139050079526
22 50 0.08803574614335505
22 56 1.562008085026246
22 63 0.1302793151737061
22 69 3.651717006325625
22 73 0.1750868357617017
22 81 0.4466180275236541
22 83 0.5993187172476494
22 90 0.1685144980766757
22 91 4.582532944931546
22 93 0.1295894384608378
22 98 0.6818308708737698
23 5 42.79504380088702
23 8 0.07992922237220516
23 14 4.960476172605058
23 21 3.283741633358905
23 23 70.33607030868477
23 25 0.6544996191975296
23 36 56.2090248743323
23 39 95.10272720330521
23 40 24.1779031646972
23 46 5.903012231223259
23 60 0.05552997765596965
23 65 194.3619773183849
23 71 5.106685877757042
23 72 10.22474985794425
23 75 0.2590267529686454
23 79 24.61005278992085
23 82 64.30695203170859
23 89 13.01313202835632
24 4 9.16295713106758
24 9 2.144446423107939
24 11 2.077024394205793
24 24 41.57266860603919
24 27 7.996530604559422
24 34 0.1177433850163231
24 45 11.70883072928268
24 51 3.049311709944087
24 56 0.6413249680769691
24 62 25.57868496432354
24 66 15.10587931968497
24 68 3.663854961355701
24 73 7.271601361371832
24 83 0.4525769930170842
24 94 1.404599429550514
25 3 0.3527416913217482
25 8 0.1472321261914327
25 12 0.005392668676851433
25 14 1.354905815405769
25 15 0.04799541849839534
25 23 0.6544996191975296
25 25 6.151905496503487
25 31 0.1184141732049756
25 35 1.213652786202248
25 40 10.37648498786815
25 48 0.5308131033447302
25 54 0.01925278349237086
25 60 0.4192608223779385
25 64 0.02845179180132151
25 71 6.464760295503043
25 75 1.013473502473319
25 80 1.927709111917074
25 82 7.218358605719209
25 97 0.4041237276812557
26 1 0.1207395354881496
26 7 0.002114325179930029
26 12 0.03106520759920132
26 17 0.06225768648662968
26 20 0.01278240512844931
26 26 0.07420325183289377
26 28 0.05176109278521748
26 31 0.003975882416684558
26 32 0.004648556050552584
26 33 0.009599116893024557
26 34 0.03331947757263679
26 38 0.001702405223114614
26 43 0.2013455482052315
26 44 0.001384737080680405
26 47 0.01844176523836113
26 49 0.03549983960633597
26 50 0.1951098684420793
26 51 0.004881057070741679
26 53 0.05784670928235541
26 58 0.03876269895566507
26 69 0.04269147470701271
26 70 0.0424236669459539
26 76 0.004230622527057975
26 77 0.001419937249981922
26 83 0.0145621573097539
26 84 0.09620683524816044
26 90 0.1400133976237022
26 91 0.004865553829670073
26 92 0.06270135204128935
26 98 0.004677191464314221
27 1 0.1998019704132256
27 9 1.388450787844804
27 11 4.351583228464133
27 17 2.239277724335614
27 22 0.9524245098059396
27 24 7.996530604559422
27 27 12.61807674617309
27 33 0.4982644616040947
27 34 1.229182721179763
27 45 3.650799966234968
27 49 0.03687010626019655
27 50 0.09968156206837879
27 51 7.254399688532914
27 56 3.646246189955137
27 58 0.001668298571067978
27 62 8.589095732367557
27 66 0.4553055121133251
27 68 0.3796201192166302
27 69 0.6672797991932243
27 73 4.579187631055131
27 83 5.625219898830262
27 91 3.460358908563553
27 92 0.0364609641954628
27 93 0.5925883448770054
27 98 0.222570174647047
28 1 1.049465757907446
28 8 0.1906102051833129
28 12 0.1169187947422163
28 16 0.2147329140741165
28 17 0.05502220276953854
28 22 0.05854151757707527
28 26 0.05176109278521748
28 28 3.23375171882613
28 31 0.5565667619656316
28 32 0.2109702724207206
28 34 0.07973067767143871
28 43 2.092954813869394
28 47 1.237675157605284
28 50 0.1043231943793752
28 53 0.00976332310924484
28 54 0.06804384605800751
28 55 0.2695533662242982
28 64 0.9916001241680158
28 69 0.2867985124869609
28 70 1.428100076874101
28 77 0.003760832420336899
28 81 0.05493725642022151
28 84 0.2717691639844923
28 85 0.09359336076524029
28 88 0.8978113244638679
28 90 2.737666884486794
28 92 0.02417873962818997
28 98 0.8223881723764277
29 2 0.04464227375806565
29 10 0.3636313954066453
29 18 0.02830258148414809
29 19 0.4149119881414078
29 21 34.7533242873104
29 29 15.86434160279417
29 37 0.1847377031911538
29 39 5.283442518525466
29 42 0.2097270355767039
29 46 8.65378646818677
29 52 0.5201356744056017
29 57 40.68415794138484
29 59 2.276577322306401
29 61 12.76482196867129
29 78 0.3908791075454606
29 86 0.8384786331561144
29 89 4.570473370174245
29 96 3.436807016907736
30 6 0.001150682525330496
30 12 0.005396929894910601
30 20 0.003095586777043588
30 38 0.0005831004112084312
30 44 0.007054724306557139
30 53 0.002935216775838623
30 54 0.01301934380534912
30 70 0.002501696266352889
30 74 0.0006823608913545335
30 77 0.008035832410536795
31 8 0.06487949457621554
31 12 0.08993347979095313
31 15 0.05805166452249077
31 25 0.1184141732049756
31 26 0.003975882416684558
31 28 0.5565667619656316
31 31 0.4658774822265209
31 40 0.1003946304917496
31 43 0.0700788833989901
31 53 0.005920678450188326
31 54 0.177690078091069
31 55 0.01396256991089867
31 60 0.3574088150426322
31 64 0.3364738006000557
31 70 0.5351560747587669
31 75 0.2452722160815908
31 77 0.02175965343618149
31 84 0.1089938010999404
31 87 0.02450945639740456
31 88 0.05553096093168335
31 90 0.01457108244817776
31 97 0.0180205335625665
32 1 1.414090129169331
32 16 0.0793689222522985
32 22 0.0573063713627548
32 26 0.004648556050552584
32 28 0.2109702724207206
32 32 0.5395760739568881
32 34 0.0956345457409776
32 43 0.06094867545797497
32 47 0.6492469232213066
32 50 0.06407327672481077
32 69 0.4620919190272097
32 81 0.05078345985610186
32 85 0.153702350151372
32 88 0.02806167941614846
32 90 0.5584328889955198
32 98 1.583482005883432
33 7 0.003609818831074449
33 11 0.4963319074745904
33 17 0.7771710342571634
33 26 0.009599116893024557
33 27 0.4982644616040947
33 34 0.07069717608780152
33 49 0.02332388161499227
33 50 0.08181229861142075
33 51 0.1119666608720236
33 58 0.001656190322914767
33 62 0.418028576004945
33 73 0.1344161945994812
33 76 0.02473441315640423
33 83 0.1985904963019402
33 92 0.05064528093225341
34 1 3.028599115288783
34 11 0.1021050132774524
34 17 3.492696981246907
34 22 1.852339626158213
34 24 0.1177433850163231
34 26 0.03331947757263679
34 27 1.229182721179763
34 28 0.07973067767143871
34 32 0.0956345457409776
34 33 0.07069717608780152
34 34 3.652482590972078
34 43 0.3394556166979686
34 47 0.2203510199024155
34 49 0.04572279485895271
34 50 1.871592800425742
34 51 1.968875784535502
34 53 0.0007634976617295563
34 56 1.142302750631976
34 58 0.001651445640824837
34 62 0.6733055444928093
34 69 3.733281996502301
34 73 0.4359986736097382
34 81 0.1364432213407464
34 83 2.625853245321661
34 84 0.01768953607775303
34 88 0.03267712791412801
34 90 0.7720669848553626
34 91 3.975691224332338
34 92 0.08200719671307009
34 93 0.1788978346363892
34 98 2.500521970172581
35 25 1.213652786202248
35 35 1.707256797638314
35 48 0.5432057467334308
35 71 4.052624379121331
35 75 0.2081347724722759
35 80 0.81141909079223
36 5 20.81075576703624
36 8 0.07999437878433439
36 14 7.633638607761248
36 19 1.453037280460252
36 21 4.427712029669962
36 23 56.2090248743323
36 36 46.02165577823859
36 39 50.02696248227289
36 40 26.09078657125025
36 42 3.144566788692807
36 46 3.584936276719342
36 65 151.6127590635512
36 71 3.880497649628729
36 75 0.259712278991831
36 79 11.58190657620446
36 82 63.52494806445902
36 89 19.0778568053871
37 18 0.00410261468625535
37 21 0.06932908725269807
37 29 0.1847377031911538
37 37 0.01399907314918161
37 46 0.0693931407429418
37 52 0.04249099026232774
37 57 0.2615662014739086
37 59 0.0128097723633705
37 61 0.123754070822045
37 78 0.01385028391781578
37 86 0.01325689223844458
37 89 0.01390868758478891
37 96 0.05873755515202477
38 20 0.00762553254048109
38 26 0.001702405223114614
38 30 0.0005831004112084312
38 49 0.002851156966638659
38 53 0.001758636891985625
38 58 0.005731567475642631
38 74 0.0009489648197336744
38 84 0.003526363442157766
38 92 0.0009749511166842988
39 5 190.5147521338222
39 10 0.6522783894511179
39 19 19.92236888872425
39 21 479.176164513378
39 23 95.10272720330521
39 29 5.283442518525466
39 36 50.02696248227289
39 39 1150.664899319151
39 42 24.96515976640635
39 46 220.5735128854579
39 52 0.00946245440591232
39 57 100.1260534279291
39 61 30.47482444008782
39 65 656.7762886200442
39 78 4.349033487767806
39 79 74.65443751375321
39 82 42.91348102621253
39 86 0.6847027322764976
39 89 511.5080429203623
39 96 0.2131740710718182
40 5 1.43366646341422
40 8 0.0786295280388381
40 14 16.39369698438428
40 16 0.2369682935302839
40 23 24.1779031646972
40 25 10.37648498786815
40 31 0.1003946304917496
40 36 26.09078657125025
40 40 43.75039818323479
40 48 0.2089610636625017
40 55 0.04408166211577866
40 60 0.219598448298948
40 64 0.0583412750259187
40 65 11.67386343856045
40 71 22.22021286045536
40 72 5.609052957389116
40 75 3.442000344107042
40 80 1.157657041958582
40 82 25.84511498305181
40 97 0.3050019138551323
41 14 0.8088670788390494
41 16 0.07526583803380592
41 47 0.1897309494651907
41 65 2.287293617911188
41 71 0.6186607625025969
41 79 0.7345658132124298
42 21 12.67150332939406
42 29 0.2097270355767039
42 36 3.144566788692807
42 39 24.96515976640635
42 46 4.815680249079187
42 57 1.231270459409939
42 61 1.169691071043148
42 65 20.9036903048756
42 79 2.779751362877964
42 89 4.530733000013022
43 1 2.143982937561985
43 12 0.1225127191906495
43 16 0.04125903729039807
43 17 0.09321677978725611
43 20 0.001928991030874955
43 22 0.02455462704136796
43 26 0.2013455482052315
43 28 2.092954813869394
43 31 0.0700788833989901
43 32 0.06094867545797497
43 34 0.3394556166979686
43 43 2.06904498606434
43 44 0.003128863811291665
43 47 0.8627471165969295
43 50 0.6423228481284514
43 53 0.06277670250008978
43 54 0.01440617864867726
43 55 0.05128249394113639
43 58 0.01104381255993169
43 64 0.2282603090291899
43 69 0.5565922424992678
43 70 0.4068941957923193
43 77 0.01114498135402489
43 81 0.02327372741374593
43 84 0.2880234154883819
43 88 0.509240431007525
43 90 2.432059266828371
43 91 0.05046989873918972
43 92 0.01120085422716602
43 98 1.001988971715095
44 6 0.003574699419262222
44 12 0.00490778029677563
44 20 0.006519051100616546
44 26 0.001384737080680405
44 30 0.007054724306557139
44 43 0.003128863811291665
44 44 0.008050430945245336
44 53 0.01100630138031494
44 54 0.004461793778344496
44 58 0.001630646287304986
44 67 0.0006159924401023781
44 70 0.001539275753587039
44 74 0.001165890982572973
44 77 0.01375925968814803
44 84 0.002849363082583235
45 11 0.4005639958928382
45 24 11.70883072928268
45 27 3.650799966234968
45 45 4.669758197122746
45 51 0.2968578835236405
45 62 7.435453123092786
45 66 5.905662955538996
45 73 1.598327009545396
45 83 0.4436239886814594
45 94 1.248234712412702
46 5 20.39018634544183
46 10 4.519145714611123
46 19 2.7511056388857
46 21 225.9395779821005
46 23 5.903012231223259
46 29 8.65378646818677
46 36 3.584936276719342
46 37 0.0693931407429418
46 39 220.5735128854579
46 42 4.815680249079187
46 46 67.79159535283901
46 52 0.05198521856048936
46 57 82.18472745811485
46 59 1.241110915540406
46 61 34.01946493134557
46 65 42.5016079967611
46 78 2.884255657317067
46 79 10.86594483879103
46 86 0.4330288101637539
46 89 143.0318113804907
46 96 0.6988038486456056
47 1 3.113440649521289
47 8 0.03698930233447034
47 12 0.0251397685488305
47 16 0.3706872414148134
47 22 0.1040139050079526
47 26 0.01844176523836113
47 28 1.237675157605284
47 32 0.6492469232213066
47 34 0.2203510199024155
47 41 0.1897309494651907
47 43 0.8627471165969295
47 47 1.89814060315101
47 50 0.2727901452516108
47 55 0.459432455531435
47 64 0.1234616295579486
47 69 1.921528830763054
47 70 0.1947337110554006
47 79 0.1993086032681157
47 81 0.1397326426255714
47 84 0.05101948295648222
47 85 0.2158082807417952
47 88 0.7216563214204278
47 90 2.587384075551954
47 91 0.05515636376681005
47 98 2.499300314387044
48 3 0.1146688963135779
48 15 0.1674604850839893
48 25 0.5308131033447302
48 35 0.5432057467334308
48 40 0.2089610636625017
48 48 0.6894492750448858
48 60 0.2710995567203312
48 71 0.4075721390036945
48 75 0.3757315830151586
48 80 0.1771595611820813
48 97 0.1909423137101991
49 1 0.04313318373192909
49 7 0.01712517447381379
49 11 0.01228533284559888
49 17 0.1508014638770177
49 20 0.004379073113812524
49 26 0.03549983960633597
49 27 0.03687010626019655
49 33 0.02332388161499227
49 34 0.04572279485895271
49 38 0.002851156966638659
49 49 0.1257166667473289
49 50 0.08181207331156845
49 51 0.1337058373156974
49 53 0.01303052741909898
49 58 0.02067536761694024
49 76 0.05273866240232696
49 83 0.05994495172473498
49 84 0.01658402072688733
49 92 0.04525760029353215
49 95 0.008845430043900272
50 1 2.322385555108242
50 11 0.04976327515793976
50 12 0.004941259142275815
50 17 2.047928886213559
50 20 0.001301059542485929
50 22 0.08803574614335505
50 26 0.1951098684420793
50 27 0.09968156206837879
50 28 0.1043231943793752
50 32 0.06407327672481077
50 33 0.08181229861142075
50 34 1.871592800425742
50 43 0.6423228481284514
50 47 0.2727901452516108
50 49 0.08181207331156845
50 50 1.754279137832148
50 51 0.1430799495460889
50 53 0.01590826943647227
50 58 0.01786203503592373
50 62 0.05204927394009059
50 69 1.412183268799684
50 70 0.03979684297255077
50 81 0.08013005262023826
50 83 0.5880493038800486
50 84 0.07782400737155391
50 90 1.173301378587056
50 91 0.3237727211730014
50 92 0.2525551451451994
50 98 0.6689584779100078
51 1 0.06282091239311569
51 7 0.003655727351429196
51 11 3.056619608708888
51 17 3.301989626992079
51 24 3.049311709944087
51 26 0.004881057070741679
51 27 7.254399688532914
51 33 0.1119666608720236
51 34 1.968875784535502
51 45 0.2968578835236405
51 49 0.1337058373156974
51 50 0.1430799495460889
51 51 10.6375905688917
51 56 0.7559337095885219
51 62 4.327083389947281
51 69 0.2633020489483894
51 73 3.282241060855107
51 76 0.1082522206389847
51 83 4.399227840668681
51 91 0.3275910139560204
51 92 0.1614157546272841
52 2 0.003375728655034654
52 5 0.004733894884616622
52 10 0.004714090118174762
52 13 0.004608176446586247
52 18 0.01043591882519088
52 21 0.113386614554056
52 29 0.5201356744056017
52 37 0.04249099026232774
52 39 0.00946245440591232
52 46 0.05198521856048936
52 52 0.0568776734568959
52 57 0.4618618373458593
52 59 0.1102884800548515
52 61 0.1366184077537484
52 78 0.009445255284071148
52 86 0.03256142526918469
52 89 0.00472939710763827
52 96 0.2091959790626828
53 1 0.01140667094410541
53 6 0.001305704497753278
53 7 0.003179361497940583
53 12 0.03634004390919508
53 17 0.001528480734593349
53 20 0.02020706420762034
53 26 0.05784670928235541
53 28 0.00976332310924484
53 30 0.002935216775838623
53 31 0.005920678450188326
53 34 0.0007634976617295563
53 38 0.001758636891985625
53 43 0.06277670250008978
53 44 0.01100630138031494
53 49 0.01303052741909898
53 50 0.01590826943647227
53 53 0.05991577579364139
53 54 0.00925657107490706
53 58 0.02369147593813699
53 64 0.002994741493539435
53 70 0.02428310835741984
53 74 0.0008594725899678594
53 76 0.001496948712260115
53 77 0.02272805807982562
53 84 0.05944736929956598
53 87 0.001454694329400407
53 90 0.01362513891860299
53 92 0.01107126828863376
53 95 0.001280868030235903
53 98 0.0007613374992464735
54 12 0.03836529047868804
54 15 0.06551164676793018
54 20 0.0006166947551532324
54 25 0.01925278349237086
54 28 0.06804384605800751
54 30 0.01301934380534912
54 31 0.177690078091069
54 43 0.01440617864867726
54 44 0.004461793778344496
54 53 0.00925657107490706
54 54 0.1072325879012724
54 60 0.1495494109670501
54 64 0.04397937433768351
54 67 0.006200814614970892
54 70 0.1314780053148979
54 75 0.01882994235510878
54 77 0.03472847283715418
54 84 0.03027634133819212
54 87 0.005694332038944045
54 97 0.04599654427488608
55 16 0.02900524215442834
55 28 0.2695533662242982
55 31 0.01396256991089867
55 40 0.04408166211577866
55 43 0.05128249394113639
55 47 0.459432455531435
55 55 0.04494206501163449
55 64 0.1426083352805701
55 70 0.03778687455329517
55 79 0.04434264956393595
55 88 0.1335899417514059
55 90 0.04818026021066037
55 98 0.0294924575007506
56 1 0.634623167700472
56 9 0.6906633065610621
56 11 0.2262781326598232
56 17 0.4334924025287992
56 22 1.562008085026246
56 24 0.6413249680769691
56 27 3.646246189955137
56 34 1.142302750631976
56 51 0.7559337095885219
56 56 6.237105967380561
56 62 2.261963737354634
56 63 0.3469698856577914
56 68 0.8884344452027719
56 69 0.8012203981303552
56 73 1.842191628160206
56 81 0.1077168110894596
56 83 2.798865731724938
56 90 0.04581858509557869
56 91 3.196348808785707
56 93 0.5167918029882852
56 98 0.07031655716534262
57 2 0.04626554386582313
57 5 2.723231921350517
57 10 2.121961991199946
57 13 0.2765536807314019
57 18 0.03457843423721278
57 19 2.982340100086504
57 21 328.2720412371222
57 29 40.68415794138484
57 37 0.2615662014739086
57 39 100.1260534279291
57 42 1.231270459409939
57 46 82.18472745811485
57 52 0.4618618373458593
57 57 194.9219571908729
57 59 5.103581520141403
57 61 74.89780680716294
57 65 2.746082563638031
57 78 7.096136645717263
57 79 2.65538789180423
57 86 1.729210473176789
57 89 77.25754710102458
57 96 6.981629858584114
58 1 0.003274487056950266
58 7 0.01842453392074196
58 12 0.002558437846182174
58 17 0.01985925328132245
58 20 0.0222058614041032
58 26 0.03876269895566507
58 27 0.001668298571067978
58 33 0.001656190322914767
58 34 0.001651445640824837
58 38 0.005731567475642631
58 43 0.01104381255993169
58 44 0.001630646287304986
58 49 0.02067536761694024
58 50 0.01786203503592373
58 53 0.02369147593813699
58 58 0.06191532910478044
58 74 0.0003589041335831178
58 76 0.007913714423949758
58 83 0.001662631467862582
58 84 0.02370784929640067
58 92 0.02920288283376605
58 95 0.00583291143111198
59 10 0.1284899020687117
59 18 0.01117664563337234
59 21 3.279523472129828
59 29 2.276577322306401
59 37 0.0128097723633705
59 46 1.241110915540406
59 52 0.1102884800548515
59 57 5.103581520141403
59 59 0.904701632641262
59 61 2.77667412521011
59 96 0.5904740534947455
60 3 0.1805847460343395
60 8 0.099785889002508
60 12 0.01485755655953229
60 15 0.1875884738706696
60 23 0.05552997765596965
60 25 0.4192608223779385
60 31 0.3574088150426322
60 40 0.219598448298948
60 48 0.2710995567203312
60 54 0.1495494109670501
60 60 0.3374427914609793
60 64 0.05810847823498907
60 70 0.01334712289529555
60 71 0.05453569759170228
60 72 0.1644923374463921
60 75 0.2801916839452969
60 77 0.003846959962356792
60 80 0.05242708195487385
60 87 0.02202319668616599
60 97 0.3765083638805896
61 2 0.02310988167958861
61 5 1.286707254253178
61 10 1.228589375041973
61 18 0.01152048868153416
61 19 0.5675206350012842
61 21 107.2202790730267
61 29 12.76482196867129
61 37 0.123754070822045
61 39 30.47482444008782
61 42 1.169691071043148
61 46 34.01946493134557
61 52 0.1366184077537484
61 57 74.89780680716294
61 59 2.77667412521011
61 61 24.01007738926548
61 65 1.945356094933567
61 78 2.429048054794314
61 86 0.7561149156484688
61 89 25.63731799319947
61 96 2.269427148743439
62 1 0.1412076928472161
62 4 1.987331961537717
62 11 5.308795677911495
62 17 1.310005145142104
62 24 25.57868496432354
62 27 8.589095732367557
62 33 0.418028576004945
62 34 0.6733055444928093
62 45 7.435453123092786
62 50 0.05204927394009059
62 51 4.327083389947281
62 56 2.261963737354634
62 62 29.85200733254597
62 66 6.691438378743167
62 69 0.1037448599192845
62 73 3.626492886078986
62 83 3.721050599694615
62 91 1.149307285923003
62 94 1.769668886193435
63 1 0.06100920392259136
63 22 0.1302793151737061
63 56 0.3469698856577914
63 69 0.2528133560663711
63 91 0.3040490077401326
63 93 0.1553118839355909
64 1 0.02125903305541153
64 8 0.2167769119103042
64 12 0.06881255544067029
64 15 0.05619902634480092
64 16 0.02170496576070984
64 20 0.0006439921122346298
64 25 0.02845179180132151
64 28 0.9916001241680158
64 31 0.3364738006000557
64 40 0.0583412750259187
64 43 0.2282603090291899
64 47 0.1234616295579486
64 53 0.002994741493539435
64 54 0.04397937433768351
64 55 0.1426083352805701
64 60 0.05810847823498907
64 64 0.7090774351488182
64 70 0.6814043159592964
64 72 0.02915120040885935
64 75 0.1600856282566454
64 77 0.009329105023627946
64 82 0.02935111157073029
64 84 0.03580585448388673
64 88 0.3893153770605647
64 90 0.414260280057749
64 97 0.02501887955969516
64 98 0.0219766424965986
65 5 332.528879876103
65 8 0.07977917507540984
65 14 7.030411916255862
65 16 0.1602995307964014
65 19 8.311013476376452
65 21 97.10578947891088
65 23 194.3619773183849
65 36 151.6127590635512
65 39 656.7762886200442
65 40 11.67386343856045
65 41 2.287293617911188
65 42 20.9036903048756
65 46 42.5016079967611
65 57 2.746082563638031
65 61 1.945356094933567
65 65 1159.319766366866
65 72 18.35787679825077
65 78 1.964051256046818
65 79 110.5534297190033
65 82 107.4833631137104
65 89 167.7996926482282
66 24 15.10587931968497
66 27 0.4553055121133251
66 45 5.905662955538996
66 62 6.691438378743167
66 66 8.03120197846401
66 68 0.8438971428885351
66 73 1.243725816211025
66 94 1.878846933649331
67 20 0.001052524356673604
67 44 0.0006159924401023781
67 54 0.006200814614970892
68 9 0.3861310803790196
68 24 3.663854961355701
68 27 0.3796201192166302
68 56 0.8884344452027719
68 66 0.8438971428885351
68 68 2.464771061332748
69 1 6.541731840485832
69 9 0.1914624208745483
69 16 0.09572486871216944
69 17 0.5218638309603069
69 22 3.651717006325625
69 26 0.04269147470701271
69 27 0.6672797991932243
69 28 0.2867985124869609
69 32 0.4620919190272097
69 34 3.733281996502301
69 43 0.5565922424992678
69 47 1.921528830763054
69 50 1.412183268799684
69 51 0.2633020489483894
69 56 0.8012203981303552
69 62 0.1037448599192845
69 63 0.2528133560663711
69 69 9.69129611944166
69 81 1.819850597448713
69 83 1.356369381905012
69 84 0.01761395027762559
69 85 0.1381293972937945
69 88 0.4149348334172945
69 90 1.969386653056855
69 91 4.814651783260083
69 92 0.01620800015145614
69 93 0.3359275508532895
69 98 3.837887162856994
70 1 0.1706148747503615
70 8 0.08642376179074486
70 12 0.1989402303769715
70 15 0.02608355393804161
70 16 0.01441599694174861
70 20 0.003806842012205645
70 26 0.0424236669459539
70 28 1.428100076874101
70 30 0.002501696266352889
70 31 0.5351560747587669
70 43 0.4068941957923193
70 44 0.001539275753587039
70 47 0.1947337110554006
70 50 0.03979684297255077
70 53 0.02428310835741984
70 54 0.1314780053148979
70 55 0.03778687455329517
70 60 0.01334712289529555
70 64 0.6814043159592964
70 70 1.067520318725953
70 75 0.04936248529340942
70 77 0.03576204168876119
70 84 0.2102436767399208
70 87 0.01536401981617412
70 88 0.2506126950608654
70 90 0.4319277236020839
70 92 0.00907671378814384
70 97 0.01580657984519571
70 98 0.0872119898922266
71 14 4.101072185325324
71 15 0.09954835890153514
71 23 5.106685877757042
71 25 6.464760295503043
71 35 4.052624379121331
71 36 3.880497649628729
71 40 22.22021286045536
71 41 0.6186607625025969
71 48 0.4075721390036945
71 60 0.05453569759170228
71 71 26.98774436724923
71 72 3.948899754250081
71 75 1.909796451763263
71 80 2.703944416359528
71 82 19.24827974132486
71 97 0.7486298240627333
72 5 4.164547663201702
72 8 0.07848851092114367
72 14 1.580173212193534
72 16 0.1576943234760255
72 23 10.22474985794425
72 40 5.609052957389116
72 60 0.1644923374463921
72 64 0.02915120040885935
72 65 18.35787679825077
72 71 3.948899754250081
72 72 4.375080647107076
72 79 1.319446213784275
72 82 8.815538149272186
72 88 0.08650603705392532
72 97 0.1519710863643967
73 9 0.9957233778370552
73 11 1.295097058615974
73 17 0.379908767532031
73 22 0.1750868357617017
73 24 7.271601361371832
73 27 4.579187631055131
73 33 0.1344161945994812
73 34 0.4359986736097382
73 45 1.598327009545396
73 51 3.282241060855107
73 56 1.842191628160206
73 62 3.626492886078986
73 66 1.243725816211025
73 73 4.050131235622783
73 83 1.568500134191796
73 91 1.30052547498768
73 92 0.01842811362662436
73 93 0.223498939091412
74 20 0.0008091379158100051
74 30 0.0006823608913545335
74 38 0.0009489648197336744
74 44 0.001165890982572973
74 53 0.0008594725899678594
74 58 0.0003589041335831178
74 77 0.001114913543756473
75 8 0.2513085495982577
75 12 0.005325674388410737
75 14 0.5250953351601704
75 15 0.2158143360147391
75 23 0.2590267529686454
75 25 1.013473502473319
75 31 0.2452722160815908
75 35 0.2081347724722759
75 36 0.259712278991831
75 40 3.442000344107042
75 48 0.3757315830151586
75 54 0.01882994235510878
75 60 0.2801916839452969
75 64 0.1600856282566454
75 70 0.04936248529340942
75 71 1.909796451763263
75 75 0.5504902270129869
75 80 0.2029858656344088
75 82 1.037182479189063
76 7 0.009834732622176887
76 11 0.02771732162635852
76 17 0.1222893487738894
76 20 0.0006438354574540324
76 26 0.004230622527057975
76 33 0.02473441315640423
76 49 0.05273866240232696
76 51 0.1082522206389847
76 53 0.001496948712260115
76 58 0.007913714423949758
76 83 0.1575198863061382
76 92 0.03438198521980626
76 95 0.003403229722130492
77 6 0.002002815850231491
77 12 0.03497283068822747
77 20 0.006432209418460189
77 26 0.001419937249981922
77 28 0.003760832420336899
77 30 0.008035832410536795
77 31 0.02175965343618149
77 43 0.01114498135402489
77 44 0.01375925968814803
77 53 0.02272805807982562
77 54 0.03472847283715418
77 60 0.003846959962356792
77 64 0.009329105023627946
77 70 0.03576204168876119
77 74 0.001114913543756473
77 77 0.03784030252399764
77 84 0.0105459442412764
77 87 0.001738701612438505
77 97 0.001967603139708609
78 10 0.5213783958713708
78 19 0.8076121443492712
78 21 6.192346191108228
78 29 0.3908791075454606
78 37 0.01385028391781578
78 39 4.349033487767806
78 46 2.884255657317067
78 52 0.009445255284071148
78 57 7.096136645717263
78 61 2.429048054794314
78 65 1.964051256046818
78 89 3.248276017896504
78 96 0.06916648460397144
79 5 12.41152923766613
79 16 0.07983122855031974
79 19 1.295865834427523
79 21 5.066507836257523
79 23 24.61005278992085
79 36 11.58190657620446
79 39 74.65443751375321
79 41 0.7345658132124298
79 42 2.779751362877964
79 46 10.86594483879103
79 47 0.1993086032681157
79 55 0.04434264956393595
79 57 2.65538789180423
79 65 110.5534297190033
79 72 1.319446213784275
79 79 13.29964547415077
79 82 7.63006801403793
79 85 0.07489561282009465
79 89 32.68447488641613
80 3 0.7063632293831759
80 14 2.042130772898355
80 25 1.927709111917074
80 35 0.81141909079223
80 40 1.157657041958582
80 48 0.1771595611820813
80 60 0.05242708195487385
80 71 2.703944416359528
80 75 0.2029858656344088
80 80 2.319565651758603
80 97 0.269672305878769
81 1 0.5022501194954599
81 22 0.4466180275236541
81 28 0.05493725642022151
81 32 0.05078345985610186
81 34 0.1364432213407464
81 43 0.02327372741374593
81 47 0.1397326426255714
81 50 0.08013005262023826
81 56 0.1077168110894596
81 69 1.819850597448713
81 81 0.1488470383620472
81 85 0.05058309402160913
81 90 0.03849379857285911
81 91 0.8913274836857318
81 98 0.2721173043238257
82 5 20.54591598731144
82 8 0.2398644912091881
82 14 27.55570323115506
82 19 1.440077448248632
82 23 64.30695203170859
82 25 7.218358605719209
82 36 63.52494806445902
82 39 42.91348102621253
82 40 25.84511498305181
82 64 0.02935111157073029
82 65 107.4833631137104
82 71 19.24827974132486
82 72 8.815538149272186
82 75 1.037182479189063
82 79 7.63006801403793
82 82 152.1370545831418
82 89 8.725851326345111
82 97 0.6302644742723147
83 1 0.4689890015639223
83 7 0.003640559193714943
83 11 0.6993103480412045
83 17 5.604113419179241
83 22 0.5993187172476494
83 24 0.4525769930170842
83 26 0.0145621573097539
83 27 5.625219898830262
83 33 0.1985904963019402
83 34 2.625853245321661
83 45 0.4436239886814594
83 49 0.05994495172473498
83 50 0.5880493038800486
83 51 4.399227840668681
83 56 2.798865731724938
83 58 0.001662631467862582
83 62 3.721050599694615
83 69 1.356369381905012
83 73 1.568500134191796
83 76 0.1575198863061382
83 83 5.432135111833465
83 91 1.794372106219381
83 92 0.123030769743921
83 98 0.06442469469316629
84 1 0.09151011932226241
84 12 0.08675818462652225
84 17 0.005941281138087934
84 20 0.01011531374934922
84 26 0.09620683524816044
84 28 0.2717691639844923
84 31 0.1089938010999404
84 34 0.01768953607775303
84 38 0.003526363442157766
84 43 0.2880234154883819
84 44 0.002849363082583235
84 47 0.05101948295648222
84 49 0.01658402072688733
84 50 0.07782400737155391
84 53 0.05944736929956598
84 54 0.03027634133819212
84 58 0.02370784929640067
84 64 0.03580585448388673
84 69 0.01761395027762559
84 70 0.2102436767399208
84 77 0.0105459442412764
84 84 0.1360948433046628
84 88 0.01627651572874686
84 90 0.2155745732497242
84 92 0.02794825786765919
84 98 0.01154015812012203
85 1 0.4191550956574066
85 28 0.09359336076524029
85 32 0.153702350151372
85 47 0.2158082807417952
85 69 0.1381293972937945
85 79 0.07489561282009465
85 81 0.05058309402160913
85 90 0.03094917093776655
85 98 0.2023694434432366
86 10 0.1941834221255703
86 18 0.005671789666136334
86 21 3.201578079039929
86 29 0.8384786331561144
86 37 0.01325689223844458
86 39 0.6847027322764976
86 46 0.4330288101637539
86 52 0.03256142526918469
86 57 1.729210473176789
86 61 0.7561149156484688
86 96 0.1130602317061205
87 12 0.003888495162596019
87 15 0.02160585588080924
87 20 0.0006281408207117016
87 31 0.02450945639740456
87 53 0.001454694329400407
87 54 0.005694332038944045
87 60 0.02202319668616599
87 70 0.01536401981617412
87 77 0.001738701612438505
87 97 0.01263334485534564
88 1 0.4462450281457661
88 8 0.02861540498123287
88 12 0.02901362634580661
88 16 0.143314636409385
88 28 0.8978113244638679
88 31 0.05553096093168335
88 32 0.02806167941614846
88 34 0.03267712791412801
88 43 0.509240431007525
88 47 0.7216563214204278
88 55 0.1335899417514059
88 64 0.3893153770605647
88 69 0.4149348334172945
88 70 0.2506126950608654
88 72 0.08650603705392532
88 84 0.01627651572874686
88 88 0.4853799539149895
88 90 1.144968329913274
88 98 0.4079400873868582
89 5 92.11384158765827
89 10 2.47704222480329
89 19 7.486203901985176
89 21 349.4917137335452
89 23 13.01313202835632
89 29 4.570473370174245
89 36 19.0778568053871
89 37 0.01390868758478891
89 39 511.5080429203623
89 42 4.530733000013022
89 46 143.0318113804907
89 52 0.00472939710763827
89 57 77.25754710102458
89 61 25.63731799319947
89 65 167.7996926482282
89 78 3.248276017896504
89 79 32.68447488641613
89 82 8.725851326345111
89 89 290.8673510207411
89 96 0.2825906987414464
90 1 4.529768321392234
90 8 0.03170228423035247
90 12 0.02458249977484122
90 16 0.2858453530055107
90 22 0.1685144980766757
90 26 0.1400133976237022
90 28 2.737666884486794
90 31 0.01457108244817776
90 32 0.5584328889955198
90 34 0.7720669848553626
90 43 2.432059266828371
90 47 2.587384075551954
90 50 1.173301378587056
90 53 0.01362513891860299
90 55 0.04818026021066037
90 56 0.04581858509557869
90 64 0.414260280057749
90 69 1.969386653056855
90 70 0.4319277236020839
90 81 0.03849379857285911
90 84 0.2155745732497242
90 85 0.03094917093776655
90 88 1.144968329913274
90 90 4.724841109131202
90 91 0.1766869504865057
90 92 0.08299864613462772
90 98 2.361235474308792
91 1 1.870729463068882
91 9 1.357287298952787
91 17 0.5975448012904787
91 22 4.582532944931546
91 26 0.004865553829670073
91 27 3.460358908563553
91 34 3.975691224332338
91 43 0.05046989873918972
91 47 0.05515636376681005
91 50 0.3237727211730014
91 51 0.3275910139560204
91 56 3.196348808785707
91 62 1.149307285923003
91 63 0.3040490077401326
91 69 4.814651783260083
91 73 1.30052547498768
91 81 0.8913274836857318
91 83 1.794372106219381
91 90 0.1766869504865057
91 91 9.470281248322019
91 93 1.359774592569815
91 98 0.665110163282985
92 1 0.1812072415182598
92 7 0.009263626706075424
92 17 0.2345351646623399
92 20 0.003816798259002681
92 26 0.06270135204128935
92 27 0.0364609641954628
92 28 0.02417873962818997
92 33 0.05064528093225341
92 34 0.08200719671307009
92 38 0.0009749511166842988
92 43 0.01120085422716602
92 49 0.04525760029353215
92 50 0.2525551451451994
92 51 0.1614157546272841
92 53 0.01107126828863376
92 58 0.02920288283376605
92 69 0.01620800015145614
92 70 0.00907671378814384
92 73 0.01842811362662436
92 76 0.03438198521980626
92 83 0.123030769743921
92 84 0.02794825786765919
92 90 0.08299864613462772
92 92 0.03771419666206718
93 1 0.1217149027856281
93 9 0.3985565803864505
93 22 0.1295894384608378
93 27 0.5925883448770054
93 34 0.1788978346363892
93 56 0.5167918029882852
93 63 0.1553118839355909
93 69 0.3359275508532895
93 73 0.223498939091412
93 91 1.359774592569815
94 24 1.404599429550514
94 45 1.248234712412702
94 62 1.769668886193435
94 66 1.878846933649331
95 7 0.001885259915708665
95 17 0.01502198194631251
95 20 0.002248982717455183
95 49 0.008845430043900272
95 53 0.001280868030235903
95 58 0.00583291143111198
95 76 0.003403229722130492
95 95 0.007703734415636039
96 10 0.2695178180386409
96 13 0.05071796162697811
96 18 0.01612870372081212
96 21 4.242965689557631
96 29 3.436807016907736
96 37 0.05873755515202477
96 39 0.2131740710718182
96 46 0.6988038486456056
96 52 0.2091959790626828
